5
4
4
-1 -1 -1 -1 -1 -1 -1
-1  4  2  4  3  2 -1
-1  1  4  1  1  2 -1
-1  2  2  3  3  1 -1
-1  2  2  3  4  3 -1
-1  3  4  4  2  2 -1
-1 -1 -1 -1 -1 -1 -1
Source row: 2
Source column: 2
Target row: 1
Target column: 2
Score: 6
-1 -1 -1 -1 -1 -1 -1
-1  0  0  0  3  2 -1
-1  1  0  1  1  2 -1
-1  2  0  3  3  1 -1
-1  2  0  3  4  3 -1
-1  3  4  4  2  2 -1
-1 -1 -1 -1 -1 -1 -1
Current board:
-1 -1 -1 -1 -1 -1 -1
-1  3  4  4  3  2 -1
-1  1  2  1  1  2 -1
-1  2  1  3  3  1 -1
-1  2  3  3  4  3 -1
-1  3  4  4  2  2 -1
-1 -1 -1 -1 -1 -1 -1
